BFS
(0, 0), (0, 1), (0, 2), (1, 2), (1, 3), (2, 3), (3, 3), (3, 4), (3, 5), (3, 6), (4, 6), (5, 6), (5, 7), (5, 8), (5, 9), (6, 9), (6, 10), (7, 10), (7, 11), (8, 11), (9, 11), (10, 11), (11, 11), (12, 11), (12, 12)
DFS
(0, 0), (1, 0), (2, 0), (2, 1), (2, 2), (3, 2), (4, 2), (5, 2), (5, 1), (6, 1), (7, 1), (8, 1), (9, 1), (9, 2), (10, 2), (11, 2), (12, 2), (12, 3), (11, 3), (10, 3), (10, 4), (10, 5), (11, 5), (11, 6), (12, 6), (12, 7), (12, 8), (12, 9), (12, 10), (12, 11), (12, 12)
UCS
(0, 0), (0, 1), (0, 2), (1, 2), (1, 3), (2, 3), (3, 3), (3, 4), (3, 5), (3, 6), (4, 6), (5, 6), (5, 7), (5, 8), (5, 9), (6, 9), (6, 10), (7, 10), (7, 11), (8, 11), (9, 11), (10, 11), (11, 11), (12, 11), (12, 12)
A*
(0, 0), (0, 1), (0, 2), (1, 2), (1, 3), (2, 3), (3, 3), (3, 4), (3, 5), (3, 6), (4, 6), (5, 6), (5, 7), (5, 8), (5, 9), (6, 9), (6, 10), (7, 10), (7, 11), (8, 11), (9, 11), (10, 11), (11, 11), (12, 11), (12, 12)
GBFS
(0, 0), (0, 1), (0, 2), (1, 2), (1, 3), (2, 3), (3, 3), (3, 4), (3, 5), (3, 6), (4, 6), (5, 6), (5, 7), (5, 8), (5, 9), (6, 9), (6, 10), (7, 10), (7, 11), (8, 11), (9, 11), (10, 11), (11, 11), (12, 11), (12, 12)
