<<<<<<< HEAD:Project 1/input/input3_level1.txt
12 12
S 0 0 0 -1 0 0 0 -1 0 0 0
0 0 0 0 -1 0 0 0 0 0 -1 0
0 -1 -1 0 0 0 0 0 0 0 0 0
0 0 0 -1 0 0 0 -1 0 0 0 0
0 0 0 -1 0 0 0 0 0 0 -1 0
0 0 0 0 0 0 -1 0 0 0 0 -1
0 0 0 0 -1 0 0 -1 0 0 0 0
-1 0 0 0 0 0 0 0 0 -1 0 0
0 0 0 -1 0 0 -1 0 0 0 0 0
0 -1 0 0 0 0 0 0 0 -1 0 0
0 0 0 0 -1 0 0 0 0 0 0 0
0 0 0 0 0 -1 0 0 0 0 0 G
=======
8 8
S 0 0 0 0 0 0 -1
0 -1 -1 -1 0 -1 0 0
0 0 0 -1 0 0 0 0
0 -1 0 -1 0 -1 0 0
0 -1 0 0 0 -1 0 0
0 0 -1 -1 -1 -1 0 0
0 0 0 0 0 0 0 G
-1 -1 -1 -1 -1 -1 0 0
>>>>>>> 84936df3d5bf0d36666794ed7a395de7d7c607e4:Project_1/input/input3_level1.txt
