<<<<<<< HEAD:Project 1/input/input5_level1.txt
14 14
S 0 0 -1 0 0 -1 0 -1 0 0 0 0 0
0 -1 0 0 0 -1 0 -1 0 0 0 -1 -1 0
0 0 0 0 -1 0 0 0 0 0 -1 0 0 -1
0 -1 0 0 0 0 0 -1 0 0 0 0 -1 0
-1 0 0 -1 0 0 0 -1 0 0 0 0 0 -1
0 0 0 -1 0 0 0 0 0 0 -1 0 -1 0
-1 0 0 0 -1 0 0 -1 0 0 0 0 0 -1
0 0 -1 0 0 0 -1 0 0 0 0 -1 0 -1
0 0 0 0 -1 0 0 -1 0 0 0 0 -1 0
-1 0 0 0 0 0 0 0 0 -1 0 0 -1 0
0 0 0 -1 0 0 -1 0 0 0 0 0 0 0
0 -1 0 0 0 0 -1 0 0 -1 0 0 -1 0
0 0 0 0 -1 0 0 0 0 0 0 0 -1 0
-1 0 0 0 0 -1 0 0 0 0 0 0 G 0
=======
12 12
S 0 0 0 -1 0 0 0 -1 0 0 0
0 0 0 0 -1 0 0 0 0 0 -1 0
0 -1 -1 0 0 0 0 0 0 0 0 0
-1 0 0 -1 0 0 0 -1 0 0 0 0
0 0 0 -1 0 0 0 0 0 0 -1 0
0 0 0 0 0 0 -1 0 0 0 0 -1
0 0 0 0 -1 0 0 -1 0 0 0 0
-1 0 0 0 0 0 0 0 0 -1 0 0
0 0 0 -1 0 0 -1 0 0 0 0 0
0 -1 0 0 0 0 0 0 0 -1 0 0
0 0 0 0 -1 0 0 0 0 0 0 0
0 0 0 0 0 -1 0 0 0 0 0 G
>>>>>>> 84936df3d5bf0d36666794ed7a395de7d7c607e4:Project_1/input/input5_level1.txt
