<<<<<<< HEAD:Project 1/input/input2_level1.txt
11 11
S 0 0 0 0 -1 -1 0 0 0 0
0 -1 -1 0 -1 0 0 0 -1 -1 0
0 -1 0 0 0 0 -1 0 0 0 0
0 -1 0 0 0 -1 0 -1 0 0 0
0 0 0 -1 0 0 -1 0 0 -1 0
-1 -1 0 0 0 -1 -1 0 0 -1 0
0 0 0 -1 0 0 0 0 0 -1 0
0 -1 0 -1 -1 -1 -1 0 G 0 0
0 -1 0 0 0 0 -1 0 0 -1 0
0 0 0 -1 0 0 0 0 0 0 0
0 -1 0 -1 0 0 -1 0 0 0 -1
=======
6 6
0 0 0 0 0 0
-1 -1 0 -1 0 -1
0 0 0 0 0 0
0 -1 -1 -1 -1 0
0 0 0 0 -1 0
S 0 -1 0 0 G
>>>>>>> 84936df3d5bf0d36666794ed7a395de7d7c607e4:Project_1/input/input2_level1.txt
