<<<<<<< HEAD:Project 1/input/input4_level1.txt
13 13
S 0 0 -1 0 0 -1 0 -1 0 0 0 0
0 -1 0 0 0 -1 0 -1 0 0 0 -1 -1
0 0 0 0 -1 0 0 0 0 0 -1 0 0
0 -1 0 0 0 0 0 -1 0 0 0 0 -1
-1 0 0 -1 0 0 0 -1 0 0 0 0 0
0 0 0 -1 0 0 0 0 0 0 -1 0 -1
0 0 -1 0 0 0 -1 0 0 0 0 -1 0
0 0 0 0 -1 0 0 -1 0 0 0 0 -1
-1 0 0 0 0 0 0 0 0 -1 0 0 -1
0 0 0 -1 0 0 -1 0 0 0 0 0 0
0 -1 0 0 0 0 -1 0 0 -1 0 0 -1
0 0 0 0 -1 0 0 0 0 0 0 0 -1
-1 0 0 0 0 -1 0 0 0 0 0 0 G
=======
10 10
S 0 0 -1 0 0 0 0 -1 0
0 -1 0 -1 0 -1 -1 0 0 0
0 0 0 -1 0 0 0 -1 -1 0
-1 0 -1 0 0 0 0 0 -1 0
0 0 0 0 -1 -1 0 0 0 0
0 -1 -1 0 0 -1 0 -1 -1 0
0 0 0 0 0 0 0 0 0 -1
-1 0 -1 -1 -1 0 -1 0 0 0
0 0 0 0 -1 0 0 -1 -1 0
0 -1 -1 0 0 0 0 0 0 G
>>>>>>> 84936df3d5bf0d36666794ed7a395de7d7c607e4:Project_1/input/input4_level1.txt
