BFS
(1, 1), (1, 2), (1, 3), (1, 4), (1, 5), (1, 6), (2, 6), (3, 6), (4, 6), (5, 6), (5, 7), (6, 7), (7, 7), (7, 8)
DFS
(1, 1), (0, 1), (0, 0), (1, 0), (2, 0), (3, 0), (4, 0), (5, 0), (6, 0), (7, 0), (8, 0), (9, 0), (9, 1), (9, 2), (9, 3), (9, 4), (9, 5), (8, 5), (7, 5), (6, 5), (5, 5), (4, 5), (3, 5), (2, 5), (1, 5), (1, 6), (0, 6), (0, 7), (0, 8), (1, 8), (2, 8), (3, 8), (3, 9), (4, 9), (5, 9), (6, 9), (7, 9), (7, 8)
UCS
(1, 1), (1, 2), (1, 3), (1, 4), (1, 5), (1, 6), (2, 6), (3, 6), (4, 6), (5, 6), (5, 7), (6, 7), (7, 7), (7, 8)
A*
(1, 1), (1, 2), (1, 3), (1, 4), (1, 5), (1, 6), (2, 6), (3, 6), (4, 6), (5, 6), (5, 7), (6, 7), (7, 7), (7, 8)
GBFS
(1, 1), (1, 2), (1, 3), (1, 4), (1, 5), (1, 6), (2, 6), (3, 6), (4, 6), (5, 6), (5, 7), (6, 7), (7, 7), (7, 8)
